function [configs] = get_configs()

% Configuration 721
Zcfg721 = [0.2926+0.1973i, 0.0673-0.0368i, 0.0337-0.0417i; 
                0.0673-0.0368i, 0.2646+0.1900i, 0.0673-0.0368i;
                0.0337-0.0417i,  0.0673-0.0368i, 0.2926+0.1973i]/5280;
Ycfg721 = 1j*(10^(-6))*[159.8   0   0;
                        0        159.8   0;
                        0        0     159.8]/5280;  

% Configuration 722
Zcfg722 = [0.4751+0.2973i, 0.1629-0.0326i, 0.1234-0.0607i; 
           0.1629-0.0326i, 0.4488+0.2678i, 0.1629-0.0326i;
           0.1234-0.0607i, 0.1629-0.0326i, 0.4751+0.2973i ]/5280;

Ycfg722 = 1j*(10^(-6))* [127.8306  0   0;
                         0       127.8306   0;
                         0 0  127.8306]/5280;  

% Configuration 723
Zcfg723 = [1.2936+0.6713i, 0.4871+0.2111i, 0.4585+0.1521i; 
            0.4871+0.2111i, 1.3022+0.6326i, 0.4871+0.2111i;
            0.4585+0.1521i, 0.4871+0.2111i, 1.2936+0.6713i]/5280;

Ycfg723 = 1j*(10^(-6))*[74.8405   0   0;
                        0   74.8405   0;
                        0   0    74.8405]/5280;

% Configuration 724
Zcfg724 = [2.0952+0.7758i, 0.5204+0.2738i, 0.4926+0.2123i;
            0.5204+0.2738i, 2.1068+0.7398i, 0.5204+0.2738i;
            0.4926+0.2123i,  0.5204+0.2738i ,   2.0952+0.7758i]/5280;
        
Ycfg724 = 1j*(10^(-6))*[60.2483  0    0;
                        0    60.2483   0;
                        0  0        60.2483]/5280;

configs = ConfigList([Zcfg721 Ycfg721], [Zcfg722 Ycfg722], [Zcfg723 Ycfg723],...
           [Zcfg724 Ycfg724], [Zcfg721 Ycfg721]);

end